  |     0 |     1 |     2 |     3 |     4 |     5 |     6 |     7 |     8 |     9 |    10 |    11 |    12 |    13 |    14 |    15 |    16 |    17 |    18 |    19 |    20 |    21 |    22 |    23 |    24 |    25 |    26 |    27 |    28 |    29 |    30 |    31 |    32 |    33 |    34 |    35 |    36 |    37 |    38 |    39 |    40 |    41 |    42 |    43 |    44 |    45 |    46 |    47 |    48 |    49 |    50 |    51 |    52 |    53 |    54 |    55 |    56 |    57 |    58 | 
  +-------+-------+-------+-------+-------+-------+-------+-------+-------+-------+-------+-------+-------+-------+-------+-------+-------+-------+-------+-------+-------+-------+-------+-------+-------+-------+-------+-------+-------+-------+-------+-------+-------+-------+-------+-------+-------+-------+-------+-------+-------+-------+-------+-------+-------+-------+-------+-------+-------+-------+-------+-------+-------+-------+-------+-------+-------+-------+-------
A | -1.56 | -1.38 | -2.33 | -0.02 | -3.23 | -4.06 | -4.06 | -1.57 | 0.701 | -4.04 | -0.94 | 0.163 | -1.24 | -3.56 | -4.06 | -1.07 | -3.23 | -4.06 | -4.06 | -1.38 | -4.06 | -0.32 | -2.02 | -1.21 | -0.91 | -0.85 | -0.91 | -0.74 | -0.39 | -0.39 | -0.39 | -0.39 | -0.39 | -0.39 | -0.08 | -0.08 | -0.08 | -0.08 | -0.08 | -0.39 | -0.39 | -0.39 | -0.39 | -0.39 | -0.39 | -0.08 | -0.17 | -0.91 | -1.10 | -4.01 | -1.38 | -3.21 | -1.38 | -4.06 | -1.78 | -4.06 | -4.05 | -1.22 | -1.78 | 
R | -4.03 | -2.34 | -1.57 | 0.127 | -1.90 | -4.06 | -1.30 | 0.716 | 2.265 | -1.07 | -4.05 | 0.298 | -1.39 | -0.85 | -0.55 | 2.953 | 0.590 | -4.06 | -4.06 | -4.06 | -4.06 | -0.71 | -0.55 | -1.89 | -0.37 | -0.91 | -0.91 | -0.91 | -0.39 | -0.39 | -0.39 | -0.39 | -0.39 | -0.26 | -0.08 | -0.08 | -0.08 | -0.08 | -0.08 | -0.39 | -0.39 | -0.39 | -0.39 | -0.39 | -0.39 | -0.08 | -0.17 | -0.91 | -1.10 | 2.303 | 0.885 | -1.57 | -0.17 | -4.06 | -1.90 | 1.890 | -4.05 | 2.493 | -0.71 | 
N | -1.54 | -2.70 | -0.00 | -2.01 | 0.354 | -4.06 | -4.06 | -4.06 | -1.55 | -2.01 | -4.05 | -0.00 | 0.117 | 1.297 | -2.01 | -3.98 | -4.06 | -4.06 | -4.06 | -4.06 | 3.657 | -1.20 | 2.897 | 1.565 | -0.91 | -0.91 | -0.91 | -0.91 | -0.39 | -0.39 | -0.22 | -0.39 | -0.39 | -0.39 | -0.08 | -0.08 | -0.08 | -0.08 | -0.08 | -0.39 | -0.39 | -0.39 | -0.39 | -0.39 | -0.39 | -0.07 | -0.17 | -0.91 | 0.276 | 0.125 | -4.01 | -4.01 | -4.01 | -4.06 | -2.70 | -0.00 | -4.05 | -4.05 | -1.55 | 
D | 1.104 | -4.06 | -2.32 | -0.27 | -1.29 | -4.06 | -4.06 | -4.06 | -2.94 | -2.32 | 3.013 | 0.050 | 0.636 | 0.887 | -1.89 | -1.55 | -2.94 | -4.06 | -4.06 | -4.06 | 2.647 | -2.32 | 0.232 | -0.53 | -0.91 | -0.91 | -0.91 | -0.91 | -0.39 | -0.39 | -0.39 | -0.26 | -0.39 | -0.36 | -0.08 | -0.08 | -0.08 | -0.08 | -0.08 | -0.39 | -0.39 | -0.39 | -0.39 | -0.39 | -0.39 | -0.08 | -0.17 | -0.58 | -1.10 | -1.06 | -1.88 | -4.01 | -4.01 | -4.06 | 0.734 | 2.458 | -4.05 | 0.050 | 1.008 | 
C | -0.69 | -4.06 | -4.06 | 0.788 | -4.06 | -4.06 | 0.535 | -0.70 | 0.788 | -4.04 | -0.69 | -4.05 | -3.03 | 0.772 | -4.06 | -1.55 | 0.535 | -4.06 | -4.06 | -4.06 | -4.06 | -0.16 | -4.01 | -3.98 | -0.91 | -0.91 | -0.91 | 0.118 | -0.39 | -0.39 | -0.39 | -0.39 | -0.39 | -0.39 | -0.08 | -0.08 | -0.08 | -0.08 | -0.08 | -0.39 | -0.39 | -0.39 | -0.39 | -0.39 | -0.39 | -0.08 | -0.17 | -0.91 | -1.10 | -4.01 | -0.16 | -0.69 | 0.534 | 1.003 | -4.06 | -4.06 | -4.05 | 0.534 | 0.787 | 
E | 0.500 | -3.10 | -0.81 | 0.856 | 0.179 | -4.06 | 3.111 | 2.176 | -1.32 | -0.23 | -2.52 | 0.611 | -1.37 | 0.103 | -1.80 | -0.43 | -4.06 | -4.06 | -4.06 | -4.06 | -4.06 | -0.96 | 0.556 | -0.05 | -0.91 | -0.91 | -0.91 | -0.91 | -0.39 | -0.29 | -0.39 | -0.39 | -0.39 | -0.39 | -0.08 | -0.08 | -0.08 | -0.08 | -0.08 | -0.29 | -0.39 | -0.39 | -0.39 | -0.39 | -0.39 | -0.08 | -0.17 | -0.91 | -1.10 | -0.96 | 0.899 | -4.01 | -1.79 | -4.06 | 2.527 | -3.10 | -1.80 | -1.32 | 0.442 | 
Q | -0.87 | -4.06 | 0.040 | -1.97 | -0.64 | -4.06 | -0.43 | 1.193 | -4.06 | 0.770 | -4.05 | 0.040 | -0.09 | 0.390 | -4.06 | 0.684 | -1.16 | -2.67 | -4.06 | -4.06 | -4.06 | -4.05 | 0.769 | -1.96 | -0.28 | -0.91 | -0.79 | -0.91 | -0.39 | -0.39 | -0.35 | -0.39 | -0.39 | -0.39 | -0.08 | -0.08 | -0.08 | -0.08 | -0.07 | -0.39 | -0.39 | -0.39 | -0.39 | -0.39 | -0.39 | -0.08 | -0.17 | -0.91 | -1.10 | 1.064 | 0.288 | -2.65 | 2.869 | -4.06 | 0.926 | -4.06 | -4.05 | 0.289 | -4.05 | 
G | 0.432 | -2.57 | -1.60 | -0.29 | 3.003 | -4.06 | -1.86 | -4.06 | 0.313 | -4.04 | -4.05 | -1.60 | -0.36 | -3.56 | 3.455 | -0.20 | -3.13 | -4.06 | -4.06 | -4.06 | -4.06 | -4.05 | -1.85 | -1.85 | -0.91 | -0.91 | -0.91 | -0.91 | -0.27 | -0.39 | -0.39 | -0.39 | -0.39 | -0.39 | -0.08 | -0.08 | -0.08 | -0.08 | -0.08 | -0.39 | -0.39 | -0.39 | -0.39 | -0.37 | -0.39 | -0.08 | -0.17 | -0.91 | -1.10 | 1.106 | -4.01 | -3.11 | -3.11 | -4.06 | -4.06 | -4.06 | -4.05 | -1.38 | -0.29 | 
H | -4.03 | -4.06 | -1.33 | -4.06 | -1.33 | -4.06 | -4.06 | -4.06 | 2.088 | 0.649 | 0.796 | -0.15 | -0.41 | 0.635 | -4.06 | -3.98 | -0.82 | -4.06 | -4.06 | -2.13 | 1.771 | 4.535 | -4.01 | -3.98 | -0.91 | -0.91 | -0.91 | -0.91 | -0.39 | -0.39 | -0.39 | -0.39 | -0.31 | -0.39 | -0.08 | -0.08 | -0.08 | -0.08 | -0.08 | -0.39 | -0.39 | -0.39 | -0.39 | -0.39 | -0.39 | -0.08 | -0.10 | -0.91 | -1.10 | -2.12 | -4.01 | -4.01 | -2.12 | -4.06 | 1.163 | 2.607 | -4.05 | 0.092 | -4.05 | 
I | -0.64 | -1.65 | -4.06 | -4.06 | -1.98 | -4.06 | -2.40 | -0.97 | 0.202 | 1.164 | -1.98 | -0.64 | -3.03 | -2.25 | -1.98 | -1.38 | 0.789 | -4.06 | -4.06 | 2.103 | -4.06 | -0.80 | 0.556 | -1.97 | -0.91 | -0.91 | -0.91 | -0.91 | -0.39 | -0.39 | -0.39 | -0.39 | -0.39 | -0.39 | -0.08 | -0.08 | -0.08 | -0.08 | -0.08 | -0.39 | -0.39 | -0.39 | -0.39 | -0.39 | -0.39 | -0.08 | -0.17 | -0.34 | -1.10 | -4.01 | -0.38 | -4.01 | -4.01 | -1.65 | -0.26 | -4.06 | -4.05 | -1.65 | -1.65 | 
L | -0.80 | 2.839 | -4.06 | -1.95 | -3.33 | -4.06 | -2.20 | -4.06 | -1.75 | -1.57 | -3.32 | -1.57 | -3.03 | -1.09 | -4.06 | -1.74 | -4.06 | -3.33 | -4.06 | -0.90 | -4.06 | -1.75 | -1.95 | -2.46 | -0.91 | -0.91 | -0.71 | -0.91 | -0.39 | -0.39 | -0.39 | -0.39 | -0.39 | -0.39 | -0.08 | -0.08 | -0.08 | -0.08 | -0.08 | -0.39 | -0.39 | -0.39 | -0.39 | -0.39 | -0.39 | -0.08 | -0.17 | -0.81 | -1.10 | -2.47 | -1.01 | -4.01 | -2.82 | -4.06 | 0.445 | -0.90 | -4.05 | -3.32 | 1.181 | 
K | -1.96 | -4.06 | -0.13 | -1.14 | -1.96 | -4.06 | -0.13 | 1.347 | 0.057 | 1.015 | -4.05 | -0.62 | -3.03 | -1.09 | -0.62 | 1.013 | -0.62 | -4.06 | -4.06 | -4.06 | -4.06 | -1.96 | -1.36 | -3.98 | -0.91 | -0.39 | -0.91 | -0.91 | -0.39 | -0.39 | -0.39 | -0.39 | -0.39 | -0.39 | -0.08 | -0.08 | -0.08 | -0.08 | -0.08 | -0.39 | -0.39 | -0.39 | -0.39 | -0.39 | -0.39 | -0.08 | -0.17 | -0.91 | -1.10 | 2.210 | -0.03 | -2.97 | -4.01 | -4.06 | 0.306 | 0.919 | -4.05 | 0.645 | -0.77 | 
M | -4.03 | -4.06 | -2.19 | -4.06 | -0.53 | -4.06 | 0.010 | 2.309 | -4.06 | -0.23 | -4.05 | -2.19 | -3.03 | -0.87 | -4.06 | -1.40 | -2.19 | -1.41 | -4.06 | -4.06 | -4.06 | -4.05 | -4.01 | -2.18 | -0.91 | -0.91 | -0.91 | -0.91 | -0.39 | -0.39 | -0.39 | -0.39 | -0.39 | -0.39 | -0.08 | -0.08 | -0.08 | -0.08 | -0.08 | -0.39 | -0.39 | -0.39 | -0.39 | -0.39 | -0.39 | -0.08 | -0.17 | -0.91 | -1.10 | -4.01 | -4.01 | -4.01 | 0.403 | -4.06 | -4.06 | -1.41 | -4.05 | -2.19 | 1.078 | 
F | 0.423 | -4.06 | -4.06 | -4.06 | -4.06 | -4.06 | -4.06 | -4.06 | -4.06 | 1.155 | -4.05 | -0.23 | -3.03 | -1.42 | -2.65 | -1.94 | -1.49 | 2.530 | 3.043 | 0.064 | -4.06 | -0.85 | -0.61 | -3.98 | -0.91 | -0.91 | -0.91 | -0.91 | -0.39 | -0.39 | -0.39 | -0.39 | -0.39 | -0.39 | -0.08 | -0.08 | -0.08 | -0.08 | -0.08 | -0.39 | -0.39 | -0.39 | -0.39 | -0.39 | -0.35 | -0.08 | -0.17 | -0.91 | -1.10 | -4.01 | -4.01 | -4.01 | -4.01 | 0.951 | -4.06 | -2.65 | -4.05 | -0.85 | -1.95 | 
P | 2.646 | -0.07 | 3.857 | 2.822 | 0.670 | -4.06 | -4.06 | -1.38 | -4.06 | -4.04 | -4.05 | 2.268 | -2.34 | -3.56 | -4.06 | -3.98 | 1.785 | -4.06 | -4.06 | -4.06 | -4.06 | 0.595 | 0.147 | -3.98 | -0.91 | -0.91 | -0.91 | -0.91 | -0.39 | -0.39 | -0.39 | -0.39 | -0.39 | -0.39 | -0.08 | -0.08 | -0.08 | -0.08 | -0.08 | -0.35 | -0.35 | -0.35 | -0.21 | -0.39 | -0.39 | -0.08 | -0.17 | -0.91 | -1.10 | -4.01 | -2.81 | -4.01 | -4.01 | -2.83 | -4.06 | 0.344 | 4.284 | -2.82 | -0.34 | 
S | -0.02 | -0.20 | -1.30 | -0.11 | -0.30 | -4.06 | -0.78 | -1.78 | -2.51 | -1.78 | 1.014 | 0.345 | 0.883 | 0.055 | -2.51 | -3.98 | -1.10 | -4.06 | -4.06 | -4.06 | -1.78 | -1.30 | -1.29 | 0.790 | -0.91 | -0.91 | -0.91 | -0.91 | -0.39 | -0.39 | -0.39 | -0.39 | -0.39 | -0.39 | -0.08 | -0.08 | -0.08 | -0.08 | -0.08 | -0.39 | -0.29 | -0.39 | -0.39 | -0.29 | -0.39 | -0.08 | -0.17 | -0.91 | -0.74 | -0.93 | -0.02 | 1.583 | 0.470 | -4.06 | -2.10 | -0.52 | -4.05 | -0.11 | -0.78 | 
T | -0.02 | -0.02 | -4.06 | 0.344 | -4.06 | -4.06 | 0.344 | -0.37 | -1.87 | 1.085 | 2.270 | -0.13 | -1.13 | 0.413 | -4.06 | -3.98 | 1.882 | -4.06 | -4.06 | -2.93 | -4.06 | 0.172 | 0.343 | 3.158 | -0.91 | -0.73 | -0.73 | -0.36 | -0.39 | -0.39 | -0.39 | -0.39 | -0.26 | -0.39 | -0.08 | -0.08 | -0.08 | -0.08 | -0.08 | -0.39 | -0.39 | -0.39 | -0.39 | -0.39 | -0.39 | -0.08 | -0.17 | -0.91 | -1.10 | -4.01 | 2.657 | 3.548 | 2.736 | -4.06 | 0.172 | -4.06 | -4.05 | 0.700 | 1.085 | 
W | -4.03 | -4.06 | -4.06 | 0.147 | -4.06 | 6.407 | -0.39 | -4.06 | -4.06 | 2.404 | -4.05 | -4.05 | -3.03 | -3.56 | -4.06 | 1.105 | -4.06 | -4.06 | -4.06 | 2.816 | -4.06 | -4.05 | -4.01 | -3.98 | -0.91 | -0.91 | -0.91 | -0.91 | -0.39 | -0.39 | -0.39 | -0.23 | -0.39 | -0.39 | -0.08 | -0.08 | -0.08 | -0.08 | -0.08 | -0.39 | -0.39 | -0.39 | -0.39 | -0.39 | -0.39 | -0.08 | -0.17 | -0.91 | -1.10 | -4.01 | -4.01 | -4.01 | -4.01 | 6.127 | -4.06 | -4.06 | -4.05 | -4.05 | 1.828 | 
Y | -1.63 | -4.06 | -4.06 | 0.699 | -4.06 | -0.78 | -0.24 | 0.302 | 1.186 | 1.611 | -4.05 | -1.14 | -3.03 | -3.56 | 0.447 | -0.77 | -1.14 | 4.579 | 4.422 | 2.879 | -4.06 | -4.05 | -4.01 | -3.98 | -0.91 | -0.91 | -0.91 | -0.91 | -0.39 | -0.39 | -0.39 | -0.39 | -0.39 | -0.39 | -0.08 | -0.08 | -0.08 | -0.08 | -0.08 | -0.39 | -0.39 | -0.39 | -0.39 | -0.39 | -0.16 | -0.08 | -0.17 | -0.91 | -1.10 | -4.01 | -4.01 | -4.01 | -4.01 | 1.101 | -4.06 | -4.06 | -4.05 | -1.14 | -0.24 | 
V | -2.54 | -0.46 | -2.14 | -3.11 | -1.15 | -4.06 | -0.16 | -0.57 | 0.290 | 0.530 | -3.11 | -1.15 | -3.03 | -1.29 | -3.11 | -0.70 | 1.957 | -2.55 | -4.06 | 2.056 | -4.06 | -1.34 | -0.70 | -3.98 | -0.84 | -0.64 | -0.46 | -0.91 | -0.39 | -0.37 | -0.39 | -0.39 | -0.39 | -0.39 | -0.08 | -0.08 | -0.08 | -0.08 | -0.08 | -0.39 | -0.39 | -0.29 | -0.39 | -0.39 | -0.39 | -0.08 | -0.17 | -0.91 | -1.10 | -4.01 | -0.25 | -0.35 | -1.15 | -4.06 | -3.11 | -4.06 | -4.05 | 0.873 | -0.46 | 


