  |     0 |     1 |     2 |     3 |     4 |     5 |     6 |     7 |     8 |     9 |    10 |    11 |    12 |    13 |    14 |    15 |    16 |    17 |    18 |    19 |    20 |    21 |    22 |    23 |    24 |    25 |    26 |    27 |    28 |    29 |    30 |    31 |    32 |    33 |    34 |    35 |    36 |    37 |    38 |    39 |    40 |    41 |    42 |    43 |    44 |    45 |    46 |    47 |    48 |    49 |    50 |    51 |    52 |    53 |    54 |    55 |    56 |    57 |    58 |    59 | 
  +-------+-------+-------+-------+-------+-------+-------+-------+-------+-------+-------+-------+-------+-------+-------+-------+-------+-------+-------+-------+-------+-------+-------+-------+-------+-------+-------+-------+-------+-------+-------+-------+-------+-------+-------+-------+-------+-------+-------+-------+-------+-------+-------+-------+-------+-------+-------+-------+-------+-------+-------+-------+-------+-------+-------+-------+-------+-------+-------+-------
A | -0.47 | -0.41 | -0.70 | -0.00 | -0.97 | -1.22 | -1.22 | -0.47 | 0.211 | -1.22 | -0.28 | -0.02 | 0.049 | -0.41 | -0.46 | -1.22 | -0.32 | -0.97 | -1.22 | -1.22 | -0.41 | -1.22 | -0.02 | -0.02 | -0.02 | -0.02 | -0.02 | -0.02 | -0.02 | -0.11 | -0.11 | -0.11 | -0.11 | -0.11 | -0.11 | -0.11 | -0.11 | -0.11 | -0.11 | -0.11 | -0.11 | -0.11 | -0.11 | -0.11 | -0.11 | -0.11 | -0.11 | -0.09 | -0.61 | -0.36 | -1.22 | -0.41 | -0.97 | -0.32 | -1.22 | -0.53 | -1.22 | -1.22 | -0.36 | -0.53 | 
R | -1.21 | -0.70 | -0.47 | 0.038 | -0.57 | -1.22 | -0.39 | 0.215 | 0.682 | -0.32 | -1.22 | -0.02 | 0.064 | -0.08 | -0.46 | -0.16 | 0.890 | 0.177 | -1.22 | -1.22 | -1.22 | -1.22 | -0.02 | -0.02 | -0.02 | -0.02 | -0.02 | -0.02 | -0.02 | -0.11 | -0.11 | -0.11 | -0.11 | -0.11 | -0.11 | -0.11 | -0.11 | -0.11 | -0.11 | -0.11 | -0.11 | -0.08 | -0.11 | -0.11 | -0.11 | -0.11 | -0.11 | -0.21 | -0.16 | -0.57 | 0.734 | 0.267 | -0.47 | -0.05 | -1.22 | -0.57 | 0.569 | -1.22 | 0.750 | -0.21 | 
N | -0.46 | -0.81 | -0.00 | -0.60 | 0.106 | -1.22 | -1.22 | -1.22 | -0.46 | -0.60 | -1.22 | -0.02 | 0.073 | 0.523 | -0.46 | -0.60 | -1.22 | -1.22 | -1.22 | -1.22 | -1.22 | 1.101 | -0.02 | -0.02 | -0.02 | -0.02 | -0.02 | -0.02 | -0.02 | -0.11 | -0.11 | -0.11 | -0.11 | -0.11 | -0.11 | -0.11 | -0.11 | -0.11 | -0.06 | -0.11 | -0.11 | -0.11 | -0.11 | -0.11 | -0.11 | -0.11 | -0.10 | -0.35 | 0.873 | 0.631 | 0.037 | -1.22 | -1.22 | -1.22 | -1.22 | -0.81 | -0.00 | -1.22 | -1.22 | -0.46 | 
D | 0.332 | -1.22 | -0.70 | -0.08 | -0.38 | -1.22 | -1.22 | -1.22 | -0.88 | -0.70 | 0.907 | -0.02 | 0.015 | 0.532 | -0.46 | -0.57 | -0.47 | -0.88 | -1.22 | -1.22 | -1.22 | 0.796 | -0.02 | -0.02 | -0.02 | -0.02 | -0.02 | -0.02 | -0.02 | -0.11 | -0.11 | -0.11 | -0.11 | -0.11 | -0.10 | -0.11 | -0.11 | -0.11 | -0.11 | -0.08 | -0.11 | -0.11 | -0.11 | -0.11 | -0.11 | -0.11 | -0.11 | -0.69 | 0.162 | -0.16 | -0.32 | -0.57 | -1.22 | -1.22 | -1.22 | 0.220 | 0.740 | -1.22 | 0.015 | 0.303 | 
C | -0.21 | -1.22 | -1.22 | 0.237 | -1.22 | -1.22 | 0.161 | -0.21 | 0.237 | -1.22 | -0.21 | -0.02 | -1.22 | -1.22 | 0.178 | -1.22 | -0.47 | 0.161 | -1.22 | -1.22 | -1.22 | -1.22 | -0.02 | -0.02 | -0.02 | -0.02 | -0.02 | -0.02 | -0.02 | -0.11 | -0.11 | -0.11 | -0.11 | -0.11 | -0.11 | 0.018 | -0.11 | -0.11 | -0.11 | -0.11 | -0.11 | -0.11 | -0.11 | -0.11 | -0.11 | -0.11 | -0.11 | -0.04 | -1.22 | -1.22 | -1.22 | -0.04 | -0.21 | 0.161 | 0.301 | -1.22 | -1.22 | -1.22 | 0.161 | 0.237 | 
E | 0.150 | -0.93 | -0.24 | 0.257 | 0.054 | -1.22 | 0.936 | 0.655 | -0.39 | -0.07 | -0.76 | -0.02 | 0.184 | 0.095 | -0.37 | -0.54 | -0.13 | -1.22 | -1.22 | -1.22 | -1.22 | -1.22 | -0.02 | -0.02 | -0.02 | -0.02 | -0.02 | -0.02 | -0.02 | -0.11 | -0.11 | -0.11 | -0.11 | -0.11 | -0.11 | -0.11 | -0.11 | -0.08 | -0.11 | -0.11 | -0.11 | -0.11 | -0.08 | -0.11 | -0.11 | -0.11 | -0.11 | -0.28 | 0.167 | -0.01 | -0.29 | 0.271 | -1.22 | -0.54 | -1.22 | 0.760 | -0.93 | -0.54 | -0.39 | 0.133 | 
Q | -0.26 | -1.22 | 0.012 | -0.59 | -0.19 | -1.22 | -0.13 | 0.359 | -1.22 | 0.232 | -1.22 | -0.02 | 0.012 | 0.340 | -0.46 | -1.22 | 0.206 | -0.34 | -0.80 | -1.22 | -1.22 | -1.22 | -0.02 | -0.02 | -0.02 | -0.02 | -0.02 | -0.02 | -0.02 | -0.11 | -0.11 | -0.10 | -0.06 | -0.11 | -0.11 | -0.11 | -0.11 | -0.11 | -0.11 | -0.10 | -0.11 | -0.11 | -0.11 | -0.11 | -0.11 | -0.11 | -0.11 | -1.20 | 0.232 | -0.59 | 0.359 | 0.087 | -1.22 | 0.864 | -1.22 | 0.300 | -1.22 | -1.22 | 0.087 | -1.22 | 
G | 0.130 | -0.77 | -0.48 | -0.09 | 0.903 | -1.22 | -0.56 | -1.22 | 0.094 | -1.22 | -1.22 | -0.02 | -0.48 | -0.11 | -0.46 | 1.040 | -0.06 | -0.94 | -1.22 | -1.22 | -1.22 | -1.22 | -0.02 | -0.02 | -0.02 | -0.02 | -0.02 | -0.02 | -0.02 | -0.11 | -0.11 | -0.11 | -0.11 | -0.11 | -0.11 | -0.11 | -0.08 | -0.11 | -0.11 | -0.11 | -0.11 | -0.11 | -0.11 | -0.11 | -0.11 | -0.11 | -0.11 | -1.20 | -0.56 | -0.56 | 0.333 | -1.22 | -0.94 | -0.94 | -1.22 | -1.22 | -1.22 | -1.22 | -0.41 | -0.09 | 
H | -1.21 | -1.22 | -0.40 | -1.22 | -0.40 | -1.22 | -1.22 | -1.22 | 0.628 | 0.195 | 0.316 | -0.02 | -0.24 | 0.316 | -0.33 | -1.22 | -1.22 | -0.24 | -1.22 | -1.22 | 0.381 | 0.091 | -0.02 | -0.02 | -0.02 | -0.02 | -0.02 | -0.02 | -0.02 | -0.03 | -0.11 | -0.11 | -0.11 | -0.09 | -0.11 | -0.11 | -0.11 | -0.11 | -0.11 | -0.11 | -0.11 | -0.11 | -0.11 | -0.11 | -0.11 | -0.11 | -0.11 | 1.357 | -1.22 | -1.22 | -0.64 | -1.22 | -1.22 | -0.64 | -1.22 | 0.350 | 0.785 | -1.22 | 0.027 | -1.22 | 
I | -0.19 | -0.49 | -1.22 | -1.22 | -0.59 | -1.22 | -0.72 | -0.29 | 0.061 | 0.386 | -1.22 | -0.02 | -0.19 | -0.72 | -0.46 | -0.59 | -0.41 | 0.237 | -1.22 | -1.22 | 0.633 | -0.24 | -0.02 | -0.02 | -0.02 | -0.02 | -0.02 | -0.02 | -0.02 | -0.11 | -0.11 | -0.11 | -0.11 | -0.11 | -0.11 | -0.11 | -0.11 | -0.11 | -0.11 | -0.11 | -0.11 | -0.11 | -0.11 | -0.11 | -0.11 | -0.11 | -0.11 | -1.20 | 0.297 | -0.59 | -1.22 | -0.11 | -1.22 | -1.22 | -0.49 | -0.08 | -1.22 | -1.22 | -0.49 | -0.49 | 
L | -0.24 | 0.854 | -1.22 | -0.58 | -1.00 | -1.22 | -0.66 | -1.22 | -0.52 | -0.47 | -1.00 | -0.02 | -0.47 | -0.34 | -0.46 | -1.22 | -0.52 | -1.22 | -1.00 | -1.22 | -0.27 | -1.22 | -0.02 | -0.02 | -0.02 | -0.02 | -0.02 | -0.02 | -0.02 | -0.11 | -0.11 | -0.11 | -0.11 | -0.11 | -0.09 | -0.11 | -0.11 | -0.11 | -0.11 | -0.11 | -0.11 | -0.11 | -0.11 | -0.11 | -0.11 | -0.11 | -0.11 | -0.52 | -0.47 | -0.85 | -0.74 | -0.30 | -1.22 | -0.85 | -1.22 | 0.134 | -0.27 | -1.22 | -1.00 | 0.355 | 
K | -0.59 | -1.22 | -0.04 | -0.34 | -0.59 | -1.22 | -0.04 | 0.405 | 0.017 | 0.305 | -1.22 | -0.02 | -0.18 | -0.34 | -0.46 | -0.18 | 0.305 | -0.18 | -1.22 | -1.22 | -1.22 | -1.22 | -0.02 | -0.02 | -0.02 | -0.02 | -0.02 | -0.02 | -0.02 | -0.11 | -0.11 | -0.11 | -0.11 | -0.11 | -0.11 | -0.11 | -0.11 | -0.11 | -0.11 | -0.11 | -0.11 | -0.11 | -0.11 | -0.11 | -0.11 | -0.11 | -0.11 | -0.58 | -0.41 | -1.22 | 0.666 | 0.156 | -0.90 | -1.22 | -1.22 | 0.092 | 0.276 | -1.22 | 0.194 | -0.23 | 
M | -1.21 | -1.22 | -0.66 | -1.22 | -0.16 | -1.22 | 0.003 | 0.695 | -1.22 | -0.07 | -1.22 | -0.02 | -0.66 | -0.27 | -0.46 | -1.22 | -0.42 | -0.66 | -0.42 | -1.22 | -1.22 | -1.22 | -0.02 | -0.02 | -0.02 | -0.02 | -0.02 | -0.02 | -0.02 | -0.11 | -0.11 | -0.11 | -0.11 | -0.11 | -0.11 | -0.11 | -0.11 | -0.11 | -0.11 | -0.11 | -0.11 | -0.11 | -0.11 | -0.11 | -0.11 | -0.11 | -0.11 | -1.20 | -1.22 | -0.66 | -1.22 | -1.22 | -1.22 | 0.121 | -1.22 | -1.22 | -0.42 | -1.22 | -0.66 | 0.324 | 
F | 0.127 | -1.22 | -1.22 | -1.22 | -1.22 | -1.22 | -1.22 | -1.22 | -1.22 | 0.348 | -1.22 | -0.02 | -0.07 | -1.22 | -0.25 | -0.80 | -0.58 | -0.44 | 0.761 | 0.916 | 0.019 | -1.22 | -0.02 | -0.02 | -0.02 | -0.02 | -0.02 | -0.02 | -0.02 | -0.11 | -0.11 | -0.11 | -0.11 | -0.11 | -0.11 | -0.11 | -0.11 | -0.11 | -0.11 | -0.11 | -0.11 | -0.11 | -0.11 | -0.11 | -0.11 | -0.10 | -0.11 | -0.34 | -0.18 | -1.22 | -1.22 | -1.22 | -1.22 | -1.22 | 0.286 | -1.22 | -0.80 | -1.22 | -0.25 | -0.58 | 
P | 0.796 | -0.02 | 1.161 | 0.849 | 0.201 | -1.22 | -1.22 | -0.41 | -1.22 | -1.22 | -1.22 | -0.02 | 0.689 | -1.22 | -0.46 | -1.22 | -1.22 | 0.537 | -1.22 | -1.22 | -1.22 | -1.22 | -0.02 | -0.02 | -0.02 | -0.02 | -0.02 | -0.02 | -0.02 | -0.11 | -0.11 | -0.11 | -0.11 | -0.11 | -0.11 | -0.11 | -0.11 | -0.11 | -0.11 | -0.11 | -0.10 | -0.10 | -0.10 | -0.10 | -0.11 | -0.07 | -0.11 | 0.178 | 0.044 | -1.22 | -1.22 | -0.85 | -1.22 | -1.22 | -1.22 | -1.22 | 0.075 | 1.291 | -0.85 | -0.06 | 
S | -0.00 | -0.06 | -0.39 | -0.03 | -0.09 | -1.22 | -0.23 | -0.53 | -0.75 | -0.53 | 0.305 | -0.02 | 0.159 | 0.363 | -0.20 | -0.75 | -1.22 | -0.33 | -1.22 | -1.22 | -1.22 | -0.53 | -0.02 | -0.02 | -0.02 | -0.02 | -0.02 | -0.02 | -0.02 | -0.11 | -0.08 | -0.08 | -0.11 | -0.11 | -0.11 | -0.11 | -0.11 | -0.11 | -0.11 | -0.11 | -0.11 | -0.11 | -0.11 | -0.08 | -0.11 | -0.11 | -0.08 | -0.38 | -0.75 | 0.238 | -0.28 | -0.00 | 0.477 | 0.141 | -1.22 | -0.63 | -0.15 | -1.22 | -0.03 | -0.23 | 
T | -0.00 | -0.00 | -1.22 | 0.103 | -1.22 | -1.22 | 0.103 | -0.11 | -0.56 | 0.326 | 0.702 | -0.02 | -0.15 | -0.03 | -0.05 | -1.22 | -0.00 | 0.441 | -1.22 | -1.22 | -0.88 | -1.22 | -0.02 | -0.02 | -0.02 | -0.02 | -0.02 | -0.02 | -0.02 | -0.11 | -0.11 | -0.11 | -0.11 | -0.11 | -0.11 | -0.11 | -0.11 | -0.11 | -0.11 | -0.11 | -0.08 | -0.11 | -0.11 | -0.11 | -0.11 | -0.11 | -0.11 | 0.051 | 0.078 | 0.951 | -1.22 | 0.810 | 1.074 | 0.855 | -1.22 | 0.051 | -1.22 | -1.22 | 0.210 | 0.326 | 
W | -1.21 | -1.22 | -1.22 | 0.044 | -1.22 | 1.928 | -0.12 | -1.22 | -1.22 | 0.724 | -1.22 | -0.02 | -1.22 | -1.22 | -0.46 | -1.22 | 0.333 | -1.22 | -1.22 | 0.662 | 0.398 | -1.22 | -0.02 | -0.02 | -0.02 | -0.02 | -0.02 | -0.02 | -0.02 | -0.11 | -0.11 | -0.11 | -0.07 | -0.11 | -0.11 | -0.11 | -0.11 | -0.11 | -0.11 | -0.11 | -0.11 | -0.11 | -0.11 | -0.11 | -0.11 | -0.11 | -0.11 | -1.20 | -1.22 | -1.22 | -1.22 | -1.22 | -1.22 | -1.22 | 1.844 | -1.22 | -1.22 | -1.22 | -1.22 | 0.550 | 
Y | -0.49 | -1.22 | -1.22 | 0.210 | -1.22 | -0.23 | -0.07 | 0.090 | 0.357 | 0.485 | -1.22 | -0.02 | -0.34 | -1.22 | -0.46 | 0.134 | -0.23 | 0.331 | 1.378 | 1.295 | 0.866 | -1.22 | -0.02 | -0.02 | -0.02 | -0.02 | -0.02 | -0.02 | -0.02 | -0.11 | -0.11 | -0.11 | -0.11 | -0.11 | -0.11 | -0.11 | -0.11 | -0.11 | -0.11 | -0.11 | -0.11 | -0.11 | -0.11 | -0.11 | -0.11 | -0.11 | -0.11 | -0.23 | -1.22 | -1.22 | -1.22 | -1.22 | -1.22 | -1.22 | 0.331 | -1.22 | -1.22 | -1.22 | -0.34 | -0.07 | 
V | -0.76 | -0.13 | -0.64 | -0.93 | -0.34 | -1.22 | -0.05 | -0.17 | 0.087 | 0.159 | -0.93 | -0.02 | -0.34 | -0.40 | -0.46 | -0.93 | -0.21 | 0.589 | -0.76 | -1.22 | 0.619 | -0.47 | -0.02 | -0.02 | -0.02 | -0.02 | -0.02 | -0.02 | -0.02 | -0.11 | -0.11 | -0.11 | -0.11 | -0.08 | -0.11 | -0.11 | -0.11 | -0.11 | -0.11 | -0.11 | -0.11 | -0.11 | -0.11 | -0.11 | -0.08 | -0.11 | -0.11 | -0.92 | -0.21 | -1.22 | -1.22 | -0.07 | 0.067 | -0.40 | -1.22 | -1.22 | -0.93 | -1.22 | 0.276 | -0.13 | 


